20000 167.52623923046997
25000 221.48667535287927
30000 707.0599242298591
35000 296.9446977448198
40000 370.59120348132643
45000 265.1373151113813
50000 202.66567695290286
55000 171.37179617247938
60000 209.95768763522284
65000 1017.8086538503836
70000 502.7893157429242
75000 270.37312866429625
80000 1077.5979075677544
85000 1031.647169779983
90000 1031.4955001201029
95000 880.1836379514607
100000 1017.821826485331
105000 1036.241053701658
110000 271.6387097921711
115000 1000.7459029706531
120000 441.2700752015071
125000 770.9983037496893
130000 345.56318032015156
135000 1032.1051524524341
140000 559.7697230718564
145000 512.4167563662934
150000 515.5264356199435
155000 584.8433496616719
160000 322.06727438700653
165000 582.92537358148
170000 593.9652633323819
175000 934.5274602176914
180000 642.1793961035524
185000 705.8815763928393
190000 881.6872224640416
195000 871.0780712682454
200000 779.863619296201
205000 942.3983281744383
210000 828.0160685168772
215000 879.4573653246164
220000 863.4847989815095
225000 628.1406030102949
230000 912.2461365755198
235000 793.0378954791969
240000 899.2009546829183
245000 1040.838233355317
250000 973.2996042162825
255000 909.6627818666008
260000 1201.3529399842555
265000 1342.793520195432
270000 880.3569898016782
275000 1125.5982873004616
280000 1101.9825781083234
285000 801.0719126930487
290000 826.3323905567461
295000 1285.4697893221048
300000 1007.400256899655
305000 1418.5430010472369
310000 889.6831532989305
315000 954.5844101949178
320000 1122.014574250957
325000 959.5423287382143
330000 1000.6348576074736
335000 1398.7444647882094
340000 1073.8911750466937
345000 1384.8089367875398
350000 1777.4609869696628
355000 1689.8683038542938
360000 973.5296309308472
365000 921.7811918374853
370000 1052.0745342978698
375000 1335.0334121891337
380000 1517.3908593010653
385000 1026.8831783594317
390000 1779.2636852234712
395000 974.2332782411464
400000 957.0011852510448
405000 1364.2792772126973
410000 1032.3189891032982
415000 1298.7198179477357
420000 1058.767248684509
425000 1069.189846624919
430000 3174.483477884432
435000 2309.305723562467
440000 1844.2959276228182
445000 1228.0929663801423
450000 2738.4729546440917
455000 1680.1947332767195
460000 1560.2490587433972
465000 1049.9567604568824
470000 1135.8027501901502
475000 3072.4988418021203
480000 1800.7423750387934
485000 2496.883224097541
490000 2005.1614198920258
495000 2619.0396760716203
500000 2861.6864624151167
