20000 189.49675787796969
25000 4.788628912312236
30000 277.08915945489406
35000 330.4065174087772
40000 57.777366003655445
45000 489.4915245179885
50000 275.57362676686466
55000 660.307460154001
60000 979.7747773916211
65000 1046.2066944911014
70000 981.5403948266912
75000 496.7540993760916
80000 773.9463422721486
85000 398.5082534591168
90000 11.089733074429741
95000 970.6771832535844
100000 976.3794191750233
105000 726.9729656919856
110000 974.735856023228
115000 1010.9203870661922
120000 319.49070262982247
125000 624.6977108784245
130000 317.83232189619685
135000 734.0150111589796
140000 775.4491646313704
145000 1032.2146826522444
150000 1034.836304082863
155000 1054.3436961503276
160000 1057.5408311084295
165000 1045.188161387409
170000 494.93932315093025
175000 968.5143523327773
180000 1029.0135794773785
185000 810.7630788879112
190000 492.94098231975295
195000 602.9325310585797
200000 351.8480976482198
205000 359.0246644113764
210000 568.5823582160305
215000 882.17392009727
220000 801.5351085973741
225000 645.7930627468395
230000 707.3116497540498
235000 727.012792955815
240000 814.5830616167678
245000 1041.1501046483022
250000 809.7159093772797
255000 1944.7842171265797
260000 1304.6040884295442
265000 1303.7580830543648
270000 2187.361668747825
275000 2130.664996061521
280000 2158.704252050713
285000 2094.9362380909
290000 1969.924991899366
295000 2344.6465711940373
300000 292.43818628729747
305000 302.53893044909216
310000 1297.3092411095956
315000 1447.883867362022
320000 1365.0368866508875
325000 1713.7905169843548
330000 2112.416261371904
335000 1966.2821203545907
340000 1682.2529598723268
345000 1579.7066930116057
350000 1410.9323953681405
355000 3016.303701189804
360000 931.9224168024582
365000 3140.2755108304696
370000 3101.274999802817
375000 2773.381688018856
380000 2614.5390870686488
385000 2482.576000380907
390000 1844.2758124693744
395000 1768.6433681583483
400000 2594.917588505508
405000 2905.2414555681066
410000 2178.394677184376
415000 1627.5784301483886
420000 1509.6542153450916
425000 3001.8049596846045
430000 2939.78095043608
435000 3024.0148260234537
440000 3015.8797716157
445000 3079.349126500706
450000 2931.6643814135336
455000 3085.686667967892
460000 3147.179472974717
465000 3008.3056028942474
470000 3167.68704440561
475000 1012.4716192470978
480000 2720.963973178642
485000 2680.5417338222132
490000 2938.862527538261
495000 1794.6345815975874
500000 2696.956777044069
