20000 189.2910515519955
25000 25.69099169126084
30000 446.24853523154536
35000 1035.6630962774007
40000 278.7448803682928
45000 316.16190094340146
50000 510.28443627098096
55000 970.3512283422227
60000 996.5698672233235
65000 133.27873464579596
70000 1007.8061003005221
75000 997.5646806056657
80000 349.5076559784446
85000 390.3390315377025
90000 935.7217289661005
95000 650.8946011575995
100000 500.9630272928331
105000 837.5866525146159
110000 2202.4072375693586
115000 1037.400259328281
120000 1272.553499480611
125000 529.7708414007818
130000 1466.0421312131461
135000 1417.4206085188753
140000 1172.7511032964221
145000 548.8323039532933
150000 455.46332103937823
155000 3040.5813702341848
160000 1522.197178924689
165000 1829.1604298661368
170000 1019.7590944543593
175000 2579.8538186103406
180000 1040.2774609601536
185000 293.03821144338536
190000 1023.2065963239493
195000 1232.0147982648627
200000 1042.4941179252469
205000 662.1319163127007
210000 1513.948473137617
215000 1018.1735663679216
220000 2847.829917516428
225000 1200.0586851703936
230000 1709.3243434180943
235000 869.1181946058593
240000 1386.0118334729486
245000 1536.356918614287
250000 1481.1899348726024
255000 1037.0318782508843
260000 1348.5117429172878
265000 2651.7053473537167
270000 1507.385794732021
275000 2019.30270189645
280000 2911.5803244598856
285000 851.3480689218844
290000 938.449195319009
295000 1902.4516269588792
300000 3176.1464876153304
305000 2583.8660223008046
310000 2322.4328787352033
315000 757.6674864416572
320000 3337.3580168054045
325000 799.0301915416743
330000 3237.0096387341077
335000 3289.0251921727286
340000 2665.0248397077157
345000 3259.628714906602
350000 2098.414583938778
355000 3226.4517321416147
360000 3297.529406582432
365000 3290.461635415136
370000 3251.53121562262
375000 3253.3320530287465
380000 3343.947141884998
385000 3295.998723206941
390000 3266.243975812111
395000 3230.8590549283244
400000 3192.6477282107994
405000 3167.0879109565403
410000 2423.4183767117493
415000 3194.251737988437
420000 3354.8646475335627
425000 2915.8349089563094
430000 3288.9775237911454
435000 3203.5998215868262
440000 3290.449078565919
445000 2354.046876501283
450000 2072.3969950806068
455000 3322.052926091203
460000 3307.9220546215015
465000 3276.1509121099107
470000 3309.0825602905534
475000 316.74941548550055
480000 3288.5235076711588
485000 2262.2128147920025
490000 3322.9806668618558
495000 3300.6632564987426
500000 3332.9763476340545
