20000 196.56702592537204
25000 8.435748285945738
30000 16.45527836367825
35000 483.5769896491606
40000 983.3312049227137
45000 877.9266816917192
50000 47.98479933879335
55000 276.02540628758436
60000 984.6330658348716
65000 346.27941232897876
70000 240.94980066714643
75000 383.16778604348497
80000 988.1053081092865
85000 991.1719562276979
90000 975.9495817213874
95000 1017.6543967424641
100000 436.8611516781524
105000 236.2485497031768
110000 972.4891144143927
115000 1033.236541156394
120000 1007.9003091182097
125000 998.5460394523361
130000 985.5458122014703
135000 1002.0365034417393
140000 1015.9124497140037
145000 371.4936454836088
150000 378.38897911945907
155000 1043.7803345407115
160000 1041.9822304620586
165000 205.79451364009773
170000 974.9178355230355
175000 1006.1637637005457
180000 492.4720428148962
185000 551.596218836733
190000 473.96204910039205
195000 235.46351461988442
200000 276.82762769618506
205000 1029.7714003099504
210000 181.6257919928355
215000 1012.1902574593944
220000 1001.0941500673767
225000 1039.8864059013206
230000 989.2674863607253
235000 942.0928557371908
240000 913.8323809566373
245000 519.9148637249837
250000 553.1670757422962
255000 911.1916871554826
260000 665.8060564509036
265000 21.088482795233325
270000 1001.478837039505
275000 1045.1068042283246
280000 1052.0539756628602
285000 885.7999379211772
290000 937.4998279548757
295000 1336.726588820831
300000 918.0327305461835
305000 1646.8252612292545
310000 512.4739564783117
315000 766.3811445943501
320000 990.9578165703781
325000 554.5940819681384
330000 835.4490667359127
335000 1050.0330951858439
340000 1050.3476618933128
345000 932.910505094648
350000 801.1888226659905
355000 747.5735681688323
360000 834.9756368260657
365000 911.8765909658581
370000 859.2957974746423
375000 721.3236859417106
380000 1021.8921179870149
385000 1066.2255399029723
390000 1009.0971409322941
395000 1177.4153239368643
400000 1849.0560481452376
405000 28.01567155302621
410000 2260.579992578102
415000 2663.5104732732425
420000 1664.856878715067
425000 1357.473390360108
430000 319.48148736277415
435000 2805.409244068843
440000 2505.261765210873
445000 2229.08160375795
450000 2620.4017150048685
455000 2418.5572378280826
460000 1429.5692656413103
465000 2349.5881857778777
470000 2478.8111992894255
475000 2544.618927202059
480000 2954.4251236229793
485000 2622.933180002418
490000 2972.707732805291
495000 1125.9827187708984
500000 732.160279945027
