20000 167.2633591652597
25000 14.252922707781568
30000 265.9657613345738
35000 252.3206445250325
40000 1013.8731420079387
45000 486.7337844884934
50000 192.73395223052032
55000 288.8985051279068
60000 998.9056525965204
65000 1008.4343875039151
70000 198.82579550027899
75000 984.0515347721655
80000 977.4137309568299
85000 352.78629450083145
90000 1012.9659449013368
95000 730.2106791021702
100000 305.2110208407727
105000 36.909185736335424
110000 1004.8142782796024
115000 1010.4139246530358
120000 1049.4165885929258
125000 1022.3692722375056
130000 1033.9439331876317
135000 212.98904387124531
140000 317.35317575111986
145000 489.0071769469729
150000 1031.7945294261367
155000 1488.6241344063053
160000 361.55441400725005
165000 562.0983548245181
170000 749.7688964951016
175000 522.3966324510374
180000 435.60853363177995
185000 386.7354222044631
190000 958.0692203438551
195000 434.25902348258677
200000 491.91185206538387
205000 1044.2881250236555
210000 1033.8282790835383
215000 1035.8924899018014
220000 975.2970270570888
225000 970.9838609317048
230000 944.6152658558533
235000 1021.6172578198463
240000 846.6600050882953
245000 578.0788371223437
250000 587.7838291834333
255000 518.0570854149877
260000 548.9550515227281
265000 1036.217085840381
270000 1051.8742765639108
275000 288.97420130105513
280000 356.524502790999
285000 896.7088069087653
290000 1035.9722543641444
295000 1034.0009846478333
300000 1035.4833193537102
305000 1683.0610938336426
310000 520.1610628950335
315000 1005.9433633777644
320000 708.7982532296836
325000 684.9225588684413
330000 676.4686108429169
335000 341.63553326561095
340000 459.3046716500015
345000 1471.1334980338816
350000 791.2492275852885
355000 1038.6320303907164
360000 603.5786325421008
365000 471.23069168850253
370000 651.9941049277644
375000 1138.4959069479737
380000 1473.621237394176
385000 1932.0222440034893
390000 1167.5577143258788
395000 2172.8885495497366
400000 1033.8210955524144
405000 535.3579100195072
410000 962.137820334225
415000 896.974966637493
420000 952.4859446002629
425000 1294.7063454251572
430000 1477.8193947575446
435000 1769.4296694873788
440000 2075.6951034431527
445000 1130.1336840771685
450000 1618.4245354961727
455000 1218.7699457370131
460000 1271.3296122442657
465000 1018.0112444108302
470000 1333.106686041933
475000 803.08023222447
480000 616.8974360566351
485000 2793.374588511818
490000 1274.9215890540913
495000 2728.0049422271018
500000 2633.958334944854
