20000 168.25446852550832
25000 10.184200132317912
30000 275.37940360880964
35000 77.17932069142958
40000 321.76204843985215
45000 445.25142093273087
50000 603.6424515071387
55000 593.2113443070117
60000 1001.515783431937
65000 779.3423682419105
70000 989.2810528207292
75000 1071.2016482049125
80000 773.3232354920091
85000 358.2623577679383
90000 15.68172415575919
95000 513.0804873443013
100000 343.43149043802606
105000 316.7586346715369
110000 496.7295657953954
115000 497.82587874612665
120000 810.0862364729038
125000 450.4782863335844
130000 414.8523699464075
135000 950.3477345584542
140000 760.2688628443887
145000 866.1256973808426
150000 1238.878116695413
155000 955.945533137138
160000 893.5655590907114
165000 966.9320867340924
170000 525.46824360916
175000 889.1512570675957
180000 2127.955267515935
185000 1444.1683610692176
190000 879.8302919146441
195000 1423.0417409160093
200000 2698.5448638569915
205000 1271.9945981510887
210000 1807.4857972864902
215000 3030.618172962455
220000 1357.884694802619
225000 1790.3658855452172
230000 2376.227811044976
235000 1653.2870402408994
240000 1306.7958699897722
245000 2708.9555230117676
250000 1572.0143643943052
255000 1906.703092414145
260000 3093.794633785336
265000 3002.5830106637422
270000 3236.9443449459222
275000 3252.76606119043
280000 3051.9289475567484
285000 2898.5776192647095
290000 3290.598550046362
295000 915.4155905474024
300000 3184.969726284271
305000 3261.265285928085
310000 3337.4611510285004
315000 3227.2103536626287
320000 3335.7827051106237
325000 2852.822316682484
330000 1382.6483603107351
335000 3383.637232074051
340000 3270.569394097496
345000 3384.4441844287976
350000 3363.207556213315
355000 3124.2605187792324
360000 3357.31085364217
365000 3368.0309757562923
370000 1882.6457804897077
375000 3316.0590095654215
380000 3416.832762299233
385000 3355.8400523673713
390000 3329.611793216456
395000 3429.496217039771
400000 3432.9700768569683
405000 3397.091909715227
410000 3364.676669287716
415000 3404.7137557220253
420000 3362.640694252915
425000 3404.180227489772
430000 3397.7304995724116
435000 3349.2075257792435
440000 3408.277273891159
445000 3421.706569203207
450000 3433.4814264485212
455000 2512.481666008692
460000 1415.8298350627776
465000 3406.3110641618987
470000 3414.1107699426466
475000 3406.4828699369295
480000 3468.94972662785
485000 3415.408883700792
490000 3009.807508079831
495000 3377.2041190185655
500000 3438.812055988526
