20000 193.41263060890995
25000 1051.1089280109684
30000 275.28549523680874
35000 349.35702450840654
40000 338.1462655057274
45000 294.7114006325917
50000 206.02253921226338
55000 987.6427803330749
60000 1054.9356699486518
65000 677.9989129772267
70000 376.5907548758395
75000 247.3501605857551
80000 1020.4328913530632
85000 1014.3762647802203
90000 771.1133054730515
95000 830.4147357683427
100000 453.9569715795343
105000 733.2825227674159
110000 994.6521891326238
115000 980.8400710511457
120000 986.2414184575904
125000 980.7677455335624
130000 1020.3336518332774
135000 1034.856802818173
140000 437.52070200881764
145000 1056.822490552398
150000 1048.7612759695544
155000 366.3430848802346
160000 1160.659156536918
165000 187.45635712530688
170000 871.3094365432465
175000 570.5162503387703
180000 374.58581582599345
185000 711.439983606803
190000 778.9739516975466
195000 1260.182815484926
200000 981.8169007373847
205000 541.9060974669021
210000 1089.1906586473333
215000 514.3276344178137
220000 1116.3868753548047
225000 1058.8270879038541
230000 653.4725419512191
235000 857.5373943602223
240000 535.0271556211825
245000 791.055643922733
250000 900.4552600369968
255000 607.3388120735143
260000 835.0001567710669
265000 926.0673054020247
270000 266.4695539786635
275000 1144.5269756502762
280000 879.6857606702097
285000 917.4555750162165
290000 826.5089363799598
295000 2353.189664336521
300000 965.6585069677967
305000 1065.7855488000982
310000 897.2766699917887
315000 648.8522264269031
320000 781.116125764392
325000 899.5850941571164
330000 1000.7240608164824
335000 1412.1094289097439
340000 840.6132035061764
345000 1029.5801419315198
350000 664.7517906812955
355000 1261.309031126882
360000 2656.8217399164864
365000 968.4145175992431
370000 2003.0477206823136
375000 951.6267662216784
380000 836.5462426510394
385000 361.17374337543686
390000 943.4132404708984
395000 1959.8400019127257
400000 767.1132579168527
405000 934.6575600795488
410000 1273.1108671600007
415000 2789.3314980189693
420000 1969.4599306604196
425000 1106.9260105215349
430000 1390.0482252509364
435000 1724.248682553435
440000 889.4738980572578
445000 1429.9495284258796
450000 2249.4486596714114
455000 2529.4687400424928
460000 834.5533256542496
465000 2221.2771761872573
470000 1585.3534264358946
475000 860.7700153857595
480000 784.5280543114065
485000 3241.545021797504
490000 2933.2795009795545
495000 926.194586667861
500000 34.65466008476673
