20000 115.5880036029711
25000 822.3415118880687
30000 305.6829626983225
35000 359.08696268581497
40000 425.0925368235306
45000 431.05740210400427
50000 337.1216813136663
55000 322.6501985691325
60000 460.50496734853857
65000 996.8442503605809
70000 1019.1686460472511
75000 1029.4773067481383
80000 901.8153876507956
85000 387.4909741262232
90000 345.11243320190835
95000 1321.8063351940068
100000 392.0033347198631
105000 326.19113577290005
110000 1718.3784212547973
115000 1034.7432898285765
120000 405.3021368601514
125000 797.7189243210112
130000 213.10340048706652
135000 526.7757477820506
140000 888.0328721329463
145000 886.9345361494777
150000 161.2016794008852
155000 598.2955299826284
160000 693.1723205191836
165000 829.8129421494086
170000 633.9466001290756
175000 889.3196209501954
180000 371.83409434274955
185000 1014.0046666491456
190000 1089.363201138576
195000 714.0656181803026
200000 866.857637059645
205000 1108.6751615253795
210000 1598.6583827603822
215000 1161.119487804688
220000 950.0364680506757
225000 1583.947710595155
230000 595.453796806161
235000 434.2974417798056
240000 842.2025656606459
245000 1539.641043082748
250000 2174.3683742975304
255000 1168.2906316418253
260000 2081.6560595618366
265000 2638.4114792630235
270000 2713.7937138927946
275000 3073.0389419376784
280000 2169.4909842452344
285000 2038.3624456060795
290000 1907.4681805180546
295000 807.0878227450455
300000 1951.6616760106037
305000 1798.0072465724147
310000 1823.9980635795116
315000 1238.6127959474227
320000 916.1734846328197
325000 3138.811646026919
330000 1686.4698270270958
335000 2282.681488417962
340000 2986.449251366453
345000 1182.7160762773572
350000 2028.8663827925989
355000 1430.7092565307844
360000 1502.421053657623
365000 1357.0002558950137
370000 1558.125842606067
375000 1099.792665351681
380000 1008.8496250428955
385000 1353.807790053091
390000 1173.3861086531606
395000 1305.754605572461
400000 1513.7911644060052
405000 1088.7293027551273
410000 1269.9440981235362
415000 1442.8243311399292
420000 1432.1782074614061
425000 2379.2425410374726
430000 1385.447255580893
435000 1688.393538967092
440000 3221.9958936772287
445000 3119.0828138970874
450000 2308.668707026326
455000 1927.3310446373664
460000 1725.6325774906818
465000 1996.4565519078592
470000 734.0190953764235
475000 2633.5978055531477
480000 1248.9143659741396
485000 1354.9279081775019
490000 2237.744928616783
495000 1829.01475131721
500000 1958.4082843230212
