20000 210.40490381951986
25000 14.144252975050915
30000 372.775117865524
35000 510.0670772633086
40000 790.8952034115786
45000 1033.0257903714576
50000 854.7414377394107
55000 525.8466461236551
60000 905.0421566189054
65000 495.16162390786883
70000 995.7730528817716
75000 996.7909558768464
80000 868.6028888524925
85000 1056.2472252863863
90000 390.9243387418238
95000 964.7699310124084
100000 977.2700625387163
105000 973.509299086349
110000 352.72359445403373
115000 264.33781474210303
120000 603.973065719751
125000 636.651673134064
130000 873.0457033898608
135000 1097.8227599859397
140000 1011.1654327769502
145000 1003.4073076893176
150000 736.2359568851238
155000 981.2149622997025
160000 971.3537086716545
165000 1002.1293645072465
170000 365.60374544874804
175000 440.1329066369564
180000 892.1525774937269
185000 513.4357097791489
190000 411.22870789929004
195000 366.0590962103982
200000 1439.6850359756336
205000 516.3082225487115
210000 559.9579569485857
215000 683.9758566643274
220000 463.74925569099486
225000 801.3556556652433
230000 761.6365099881675
235000 828.2954792995313
240000 570.0330140648495
245000 584.813150425299
250000 825.9208060891118
255000 595.3365530364417
260000 842.5803940959789
265000 1169.9185216497067
270000 613.7543477829909
275000 655.9284297209631
280000 863.3754984166478
285000 487.63410435320964
290000 703.7946891105531
295000 731.1995755309665
300000 683.4027490532753
305000 499.7602644999486
310000 748.8279648077714
315000 1280.7640097305114
320000 1401.0527289962822
325000 1439.1341606414794
330000 1672.812603572022
335000 1317.2291807891472
340000 1349.2076794541385
345000 801.2483421454377
350000 635.6629637450543
355000 2948.298253831076
360000 3106.7472314200654
365000 836.4892631214714
370000 1434.065139635151
375000 1784.6713631921746
380000 2512.7380201613632
385000 2893.9420814811897
390000 3185.456390141646
395000 3115.308421917106
400000 2960.7188422136223
405000 943.1049684655088
410000 1310.2953659600282
415000 963.884193313602
420000 960.950487494636
425000 2871.220737450416
430000 2706.9798128487087
435000 2939.7418648033645
440000 2867.3394837037754
445000 2841.9719959747245
450000 2885.1887923677127
455000 3010.271350156224
460000 2872.950244248548
465000 2877.108779341734
470000 3056.8245201757086
475000 2235.0595573119936
480000 2996.7729559612535
485000 3070.9476945273545
490000 3025.373602642917
495000 3063.129298646153
500000 3058.0772384259635
