20000 114.68542914194396
25000 9.026578533869692
30000 259.9575766014866
35000 311.3128041718567
40000 256.3441811147226
45000 396.9507776749691
50000 260.914046271114
55000 984.6267119908911
60000 528.3746626370073
65000 991.3459018253665
70000 959.620779773162
75000 708.9027174632595
80000 343.99935949670567
85000 971.8457462621533
90000 1143.6346285491181
95000 746.5661294711614
100000 1021.2643323452455
105000 825.4835654938031
110000 897.1868521099711
115000 728.4034079728706
120000 248.51464586233925
125000 970.3125411235835
130000 808.2810288697049
135000 439.15209604585334
140000 1413.8886715822264
145000 1200.2849617067345
150000 1296.4472610422818
155000 1327.0358721429775
160000 1014.0193115362224
165000 2247.607635250821
170000 2082.0060255986577
175000 1977.5555114069878
180000 1412.4235758453717
185000 1310.7419685926216
190000 899.1495438328544
195000 1027.7163510770656
200000 1207.924754623869
205000 1668.96079488267
210000 2449.77747596636
215000 1801.2782915511016
220000 691.2316278866667
225000 1331.0835180813351
230000 1403.4630730501315
235000 1472.5137131481783
240000 641.7559685418265
245000 1491.9195060653697
250000 594.5659087468497
255000 652.0778086031061
260000 2019.8947689059235
265000 2114.4015268070243
270000 2293.5261014668367
275000 2257.6995413098593
280000 2335.4014946815014
285000 2402.181348112422
290000 2173.5759899986247
295000 1848.7685430523336
300000 791.6739194981535
305000 1946.1126174172925
310000 2396.936791213454
315000 1702.2593840664108
320000 1424.7411738246028
325000 1586.923494236214
330000 2378.3903981755248
335000 2418.996514496434
340000 2610.6647489995603
345000 1641.7109772263757
350000 1414.338879569056
355000 1450.531715749265
360000 2064.2601336045673
365000 2706.395508833032
370000 2875.1554139560712
375000 2742.1642635239905
380000 2780.274834755766
385000 2355.6813194666233
390000 2740.75400098823
395000 2857.35106865321
400000 2680.569192478317
405000 2566.3464390970207
410000 2965.549091009419
415000 3042.379396403915
420000 284.8265351830771
425000 3018.9734483093093
430000 2982.1636241796655
435000 3038.300820205394
440000 2672.857363551887
445000 742.3697419739075
450000 3010.863182548296
455000 2895.848125735867
460000 1193.5250127964832
465000 1479.0824927526248
470000 1202.034478920427
475000 1751.304828252762
480000 1682.2207611421497
485000 3210.675231796594
490000 3029.01577843462
495000 3148.858755105074
500000 2050.686481253365
