20000 8.734410105605907
25000 216.2455156735303
30000 232.93937384228326
35000 224.01499431068973
40000 114.25145810242861
45000 288.0598597046307
50000 462.31285217296835
55000 7.550924759433196
60000 354.3761210467568
65000 1157.07547819887
70000 703.151620555336
75000 764.0579186848705
80000 668.8479333875455
85000 807.1001119245096
90000 972.6630248830464
95000 557.9354873446312
100000 880.64831239189
105000 1091.204027889403
110000 941.8242090144606
115000 1389.0284153283453
120000 2244.053015304099
125000 1560.3789583249331
130000 1208.862349379135
135000 1292.024487216346
140000 1552.9430857228967
145000 1211.5520062670598
150000 1500.3852220370495
155000 1366.7742878920271
160000 1422.9562029730873
165000 2557.3763479529807
170000 2942.288298205668
175000 2724.461629595014
180000 2993.3009719853085
185000 3106.140947919464
190000 1276.1021708797136
195000 2761.0864372754854
200000 3073.3877361655623
205000 3063.052819819348
210000 2503.5665623529967
215000 3081.472604802531
220000 3168.3866338834464
225000 3122.796147858099
230000 2672.86138883778
235000 3392.8551079934527
240000 3187.3353065707533
245000 848.3658893527778
250000 1348.929484498821
255000 3378.394281087503
260000 3424.8310328932953
265000 3316.0727677377095
270000 3469.9695645515776
275000 3344.8929391617285
280000 2705.3093348211623
285000 3455.765178680898
290000 1557.6382437956468
295000 3466.946684516823
300000 3433.5066945499166
305000 3350.750728368632
310000 3399.940095314226
315000 3343.292871053386
320000 3347.1970794784297
325000 3092.4902505248806
330000 3454.6434061653417
335000 3392.9645196028237
340000 2995.381424440507
345000 3482.6089438001327
350000 3510.6207556581057
355000 3429.4884833164556
360000 3487.212866990706
365000 3481.2048924831797
370000 3522.8032243512744
375000 3425.359023696388
380000 3521.2776376935713
385000 3403.37620174295
390000 3504.9137283993814
395000 3565.098149148973
400000 3354.077920047228
405000 3497.339222421169
410000 3538.6504880442394
415000 2820.175872150383
420000 3578.653178341664
425000 3551.1793645760563
430000 3538.1211346281657
435000 3146.415704725881
440000 3033.0013575334024
445000 3575.031795046031
450000 3502.5906063065363
455000 3485.214798001017
460000 3452.6276184022
465000 3373.1966247387404
470000 2330.2478079100865
475000 3033.221213440731
480000 3148.7755401776576
485000 3541.0716241393884
490000 3253.8811853972256
495000 2821.1757519040066
500000 3475.3588747821123
