20000 136.91354607519978
25000 25.227939727101276
30000 226.3038076767995
35000 300.5468276710461
40000 269.46365552592715
45000 285.7738574268913
50000 332.7426691997983
55000 1009.3800929803801
60000 1048.0574375679996
65000 940.4139574225588
70000 420.6726672664221
75000 315.1112698352058
80000 244.53969245737827
85000 840.023495084744
90000 559.4568214953549
95000 365.4497650593903
100000 621.9679703423141
105000 366.86730379977064
110000 402.754972597278
115000 295.7571157531952
120000 289.14334792529917
125000 317.4574893270811
130000 776.6298077012073
135000 1180.552727686545
140000 697.0813586328594
145000 670.6055566133667
150000 682.4409593997648
155000 1007.8641588225337
160000 1266.602566533109
165000 2835.838336482047
170000 1695.523771693508
175000 2680.1031565611192
180000 1262.6019058787374
185000 1022.6481957040218
190000 1241.3671048936012
195000 823.9446325516928
200000 281.2412358938669
205000 2918.401345627863
210000 1006.2057146246234
215000 1975.8011881046502
220000 950.8569506615602
225000 103.51586760972191
230000 948.4220564669944
235000 999.9858049615381
240000 1678.0834083073423
245000 1095.4758042406074
250000 1376.9652756419914
255000 957.494267161481
260000 3087.0517041089133
265000 2456.983257116692
270000 1362.721382553285
275000 3074.325712396084
280000 1479.5573886505485
285000 1358.482261575921
290000 1178.0880058399048
295000 2965.6948659696527
300000 1052.9652753807748
305000 3297.1901930699205
310000 2147.797877878545
315000 2303.041810951659
320000 2942.6517920003653
325000 2986.647201801484
330000 2481.4196184200428
335000 3125.8186217330817
340000 2044.0195844825407
345000 2639.6204154485204
350000 2594.4509120217253
355000 2029.9112925007619
360000 2393.906081384469
365000 2403.369331954658
370000 2398.8834841807666
375000 3241.7100330720623
380000 1045.6455852046886
385000 2553.512799218165
390000 3194.8402865998573
395000 3276.3504744767915
400000 2735.2471511164053
405000 2808.861629116173
410000 2255.822875135468
415000 1006.7473966649652
420000 2313.4888975662716
425000 545.74388318303
430000 2418.7478665662193
435000 2456.057684433643
440000 3185.5788187572075
445000 2461.1684750906543
450000 3219.6795526659384
455000 3178.0015336482475
460000 2120.959059504815
465000 3115.3654828501644
470000 3246.052847931282
475000 3204.8428458082853
480000 3295.5324583477836
485000 3334.8342589154986
490000 3198.261143857234
495000 3394.588989812614
500000 3356.250534594465
