20000 -1.5951147341685215
25000 296.9443669179823
30000 278.2045210688226
35000 165.62343494203515
40000 28.490928524325984
45000 987.4577143050926
50000 977.7967772606395
55000 330.2351983686818
60000 416.6918021069422
65000 725.4651458324323
70000 340.4319596474266
75000 574.7357204427128
80000 967.2581820984975
85000 702.6094346580103
90000 1012.1494493067819
95000 1024.2754764746855
100000 273.4966702167925
105000 406.439219479685
110000 185.63612187105255
115000 553.0847259270232
120000 1097.2818896473086
125000 554.7509718524898
130000 557.3254571298125
135000 378.2332489748375
140000 415.21005100341654
145000 574.9290008149673
150000 401.164508126886
155000 168.82282763250305
160000 466.5349773735712
165000 573.1823451522649
170000 740.0349733899168
175000 750.9615949311353
180000 730.0188905947775
185000 348.20368214197225
190000 1045.4463710517743
195000 1190.794351561371
200000 1437.081715467685
205000 875.4341621572643
210000 1807.1615024233652
215000 841.8714123027266
220000 1196.6332282944293
225000 1044.812955303527
230000 1114.0309528386929
235000 827.7457889394112
240000 1136.0375200567046
245000 962.2880699080879
250000 1170.648175600466
255000 1062.1094298708952
260000 1373.0772457051316
265000 2237.817269489306
270000 1242.9908860175474
275000 1175.5236414770932
280000 1136.2936022411186
285000 1267.1346883225447
290000 280.54238665096864
295000 1370.1932823649327
300000 1819.7304801283092
305000 1332.7704149254712
310000 2249.383651176299
315000 2409.8404970019824
320000 1340.4907349348427
325000 3193.69925138818
330000 995.2162689549025
335000 1953.755339341748
340000 1112.3248266306407
345000 3244.015576835033
350000 2300.964771626107
355000 2748.1822809794357
360000 2894.915037079837
365000 3164.197386554032
370000 3254.47482944994
375000 3329.0485985968726
380000 3318.267952897161
385000 2880.5813309997766
390000 1543.7165246352222
395000 3292.913135435197
400000 3446.1576614885535
405000 1594.5614759419545
410000 1416.7583808493546
415000 3280.3632698424817
420000 3017.419569198959
425000 2315.0166358605325
430000 3329.6768683757136
435000 3249.313456338916
440000 3327.2775110749803
445000 3274.84485741053
450000 1782.4137719299993
455000 3362.2547243220383
460000 3338.728610527613
465000 3471.739170747037
470000 3157.472427177473
475000 2383.028303543434
480000 3336.199209774893
485000 3446.7202862537874
490000 2862.7174329978006
495000 3420.538543190414
500000 3390.938451662093
