20000 176.82867769100156
25000 629.7783933053342
30000 379.2970164799867
35000 368.59602946599796
40000 186.63663198923436
45000 284.2355610742949
50000 404.435882548377
55000 470.45476424857435
60000 619.6807137147298
65000 401.4353499723371
70000 57.2002958544802
75000 982.4784408759845
80000 1026.7699991367936
85000 1018.5880676605295
90000 561.1975332251006
95000 319.32356834927725
100000 541.6369773460968
105000 972.9032141649884
110000 1036.0181142445804
115000 1080.0192548011385
120000 1323.143294834114
125000 1103.1962948641499
130000 1003.1589640047498
135000 417.5013754400453
140000 811.6029044531322
145000 709.7423221291463
150000 490.02877532795117
155000 1085.351713339432
160000 918.2183558986808
165000 1423.02676670856
170000 570.2952062938001
175000 728.5041518786103
180000 300.7722461588153
185000 980.6902097110576
190000 1822.9783564502245
195000 2092.991339932549
200000 1383.757208815129
205000 876.8787648396998
210000 2040.5409660351754
215000 1833.1722584895058
220000 1301.8579373921284
225000 2892.6108866195946
230000 2511.098175782524
235000 1572.7843504422854
240000 1270.1929364185266
245000 1168.2751734309172
250000 1216.7536705894686
255000 1347.393600169896
260000 1470.3111485385573
265000 1595.5256846691225
270000 1157.177073264596
275000 1682.5211792684117
280000 1354.8717179184741
285000 1141.7585409444077
290000 1241.2352687858365
295000 3236.6443286579442
300000 3073.446270424941
305000 1704.7826665922505
310000 1348.2115306842961
315000 654.8145512582983
320000 866.6053359026446
325000 2938.2770666293254
330000 2998.2328102468296
335000 761.8162063215211
340000 2622.7782936457343
345000 3325.826383191988
350000 953.5737860536872
355000 2832.4356181639505
360000 1728.9080455463784
365000 3248.2962746762378
370000 3297.137934328593
375000 3301.9634581434048
380000 3284.5714152288188
385000 3303.957391507328
390000 3336.6680949139045
395000 3220.8048179586963
400000 2743.904891740896
405000 3322.9552184347644
410000 3332.248993174013
415000 3046.20763105617
420000 3133.2875374829287
425000 2737.5532029310025
430000 3077.916784353016
435000 3428.543349528948
440000 3062.0823780458804
445000 2799.5284309731655
450000 2257.322247267853
455000 2137.153020757217
460000 3307.4509817531602
465000 1675.8484543477407
470000 3300.8397129644436
475000 2889.673235439189
480000 2996.417766891451
485000 1652.389224396114
490000 2913.74509617359
495000 1998.9832790540909
500000 2026.0525233794174
