20000 201.899071392245
25000 149.63467315060655
30000 234.9913643483275
35000 285.4706403912597
40000 523.7167610503263
45000 1009.3071492888145
50000 641.2184088097725
55000 1256.5171473262587
60000 297.068462742044
65000 810.5476153950024
70000 263.1125263946127
75000 1007.5492172194417
80000 1036.8556860161727
85000 1021.2441456214945
90000 192.14180062347197
95000 289.3291355330626
100000 1035.9099629861648
105000 1034.8935351276002
110000 1038.833601090868
115000 1095.3061654411597
120000 258.3561674948975
125000 566.5744115543245
130000 685.2494288226596
135000 237.42138136864614
140000 846.0484270795257
145000 648.9863580079805
150000 583.1175170275508
155000 305.7535407828463
160000 1005.0235259913273
165000 702.255199384069
170000 421.1219570159034
175000 549.8352398256955
180000 1030.846570105428
185000 318.01770158749497
190000 559.6061357043325
195000 708.8634941857147
200000 739.8364386199889
205000 1932.2631091283158
210000 804.0227179394788
215000 1057.3508088680458
220000 156.27433654063282
225000 724.5593435459571
230000 934.9598587336974
235000 255.9167751827045
240000 1588.6375516817982
245000 1838.6182069123904
250000 1660.8441632393144
255000 1023.3817385308264
260000 1070.380443722031
265000 1098.2249651492655
270000 1088.584328532399
275000 1549.8524895338187
280000 471.03045568919816
285000 1008.5910198754591
290000 998.3303056700827
295000 1416.8175924945895
300000 658.6782370478501
305000 1120.0316411329434
310000 1071.5325856082095
315000 1800.0955969813306
320000 1056.1199043376612
325000 2091.1650288006426
330000 2993.097350934679
335000 1361.214079277433
340000 1262.538077954061
345000 1879.3527648583265
350000 1428.5240541071216
355000 2612.570920616873
360000 3056.9304182201076
365000 3062.3754285266127
370000 1890.4253276467455
375000 3110.5798159922883
380000 2987.867037145357
385000 2632.5957028658827
390000 3101.544069866992
395000 2975.9139303517068
400000 3106.5703062739944
405000 948.5497223020036
410000 1041.0690407603547
415000 186.99768445877572
420000 3021.6726895405172
425000 2008.7062943748235
430000 1314.6757747651263
435000 2535.431221473861
440000 2219.084009538012
445000 3089.4262365397185
450000 3112.5913473156775
455000 989.2503866977731
460000 2923.6920761303736
465000 1475.1435218360361
470000 1398.0634576739396
475000 2795.0444013218644
480000 3162.9783387643124
485000 3146.505347267592
490000 2819.356041676757
495000 2997.3905049524656
500000 3265.469547330727
